0('conv1.lin_rel.weight', Parameter containing:
tensor([[-1.2448e-01,  3.9522e-02, -1.2445e-01, -1.4713e-01,  2.4897e-01,
          1.4667e-01,  1.7485e-01, -9.3757e-02, -7.2927e-02, -1.6478e-01,
         -1.6566e-01,  1.3469e-01,  2.1624e-01, -8.6107e-02, -4.1381e-01,
          9.8233e-02,  2.7380e-01,  7.4255e-02,  2.1920e-01,  6.3582e-02,
          1.9149e-01,  1.6539e-01, -1.2454e-01,  2.4271e-01],
        [-9.2278e-02, -1.3549e-01, -1.7611e-01,  1.1213e-01, -1.4838e-01,
          5.2366e-02,  8.6837e-02,  1.0110e-02,  1.6570e-02, -1.2081e-01,
         -8.1224e-02,  1.0508e-02,  1.0801e-01,  7.0172e-02, -1.0830e-01,
          1.0464e-02, -1.7687e-01, -7.5830e-02, -5.7482e-02, -2.1973e-01,
         -2.1812e-01,  4.1534e-02, -2.6177e-01,  4.7365e-03],
        [-1.9729e-01, -2.2938e-02,  2.4856e-02,  8.3955e-03, -2.8643e-02,
          2.0611e-01, -6.1242e-02, -1.4685e-01, -5.4349e-02,  4.7505e-03,
          2.1206e-01, -3.5318e-01,  1.0442e-02, -1.3359e-01, -1.3967e-01,
          2.8878e-01,  7.0300e-02, -1.8042e-01,  5.8231e-01, -9.9940e-02,
          8.8682e-02, -1.1035e-01, -5.2518e-02,  8.6255e-02],
        [-2.5766e-01,  5.9086e-02,  3.1068e-01, -6.8930e-02,  1.5626e-02,
          2.6412e-01,  5.3828e-02,  1.6600e-01, -2.3344e-01, -8.1029e-02,
         -6.8919e-01,  5.0906e-01,  9.1342e-03,  1.2271e-01, -1.8608e-01,
          2.1963e-01, -2.0560e-02,  1.3451e-01,  9.8071e-02,  2.5038e-02,
          1.1049e-01,  3.0721e-01,  3.9710e-01, -1.7040e-01],
        [-1.6173e-01, -3.6234e-02, -4.7832e-02, -3.2879e-02,  6.9304e-02,
         -8.0409e-02,  9.0806e-02,  8.6128e-02, -1.3990e-01, -9.2936e-02,
         -2.6704e-01, -3.3922e-02, -2.0821e-01,  5.8415e-02, -2.3588e-01,
          4.0797e-02, -2.6228e-01, -2.2901e-01,  6.7081e-02, -2.3464e-01,
         -2.3206e-01,  8.4786e-02, -8.1990e-02, -1.4233e-01],
        [-5.9213e-02,  7.3466e-02, -7.6077e-02,  2.3512e-01,  2.0164e-01,
         -7.4452e-02,  3.3020e-02,  1.4947e-01,  5.9639e-02, -6.9237e-02,
          3.1486e-02, -3.9170e-02, -4.3634e-02, -1.4738e-01,  3.3609e-01,
         -4.6866e-02, -2.3994e-01,  2.7559e-01,  2.3719e-01,  3.7769e-02,
          2.3119e-02, -1.9439e-01, -1.2025e-01,  3.1836e-02],
        [-8.5301e-02, -2.0358e-02,  2.0044e-01, -1.2740e-01, -1.5373e-01,
         -8.4733e-02, -1.3956e-01, -7.4103e-02, -6.9482e-02, -2.5269e-02,
         -5.7322e-03, -2.1918e-01, -1.8712e-01, -2.0991e-01,  1.6442e-01,
         -1.3068e-01, -7.0396e-02, -5.5373e-02, -5.6995e-02, -2.1185e-01,
         -4.0369e-02,  1.1082e-01,  1.2464e-01,  2.6922e-02],
        [ 6.6243e-02, -8.2048e-02, -2.4779e-02, -2.2754e-02, -9.1807e-02,
          1.1936e-01,  1.4149e-01, -2.3638e-02,  2.0166e-02, -3.4559e-02,
          2.9835e-01,  3.7523e-01, -1.4792e-01,  1.3293e-01,  3.9408e-01,
          8.6589e-02, -8.5992e-02,  1.7039e-01,  7.5664e-01, -2.0747e-01,
          1.7331e-01,  3.0919e-01,  1.0244e-01,  1.0434e-01],
        [-1.4362e-01, -7.8931e-01,  5.9701e-02, -2.0378e-01, -1.2765e-01,
          2.2619e-02, -3.5779e-03,  2.7544e-02, -1.1516e-01, -9.4430e-02,
          2.1032e-03,  1.0336e-01, -1.5447e-01, -2.5471e-01, -2.7903e-01,
          7.3141e-03, -8.3021e-02,  5.6342e-02,  1.2037e-01,  4.9251e-02,
         -1.6196e-01,  1.9382e-01, -3.4499e-01,  1.5967e-02],
        [-1.7552e-02, -1.1765e-01,  1.4309e-02,  1.6800e-01,  1.7786e-01,
          2.0106e-01, -1.6685e-01,  1.2197e-01,  4.2858e-01,  1.6588e-01,
          4.6012e-02, -3.8758e-02, -1.0861e-01,  1.2285e-01,  2.3783e-02,
          2.0958e-01, -3.3016e-01, -1.3073e-01, -8.1689e-01, -2.0465e-01,
          2.2020e-01, -8.0945e-02,  2.0630e-01,  1.1294e-01],
        [-3.3570e-02,  6.2290e-02, -4.2100e-02,  1.2471e-01, -2.3287e-01,
         -2.3911e-01, -3.0622e-02, -3.5851e-02,  1.1731e-02, -2.0074e-01,
          5.2165e-03,  1.6992e-01, -1.1281e-01,  4.4172e-02,  8.7694e-02,
         -1.3015e-01, -2.1043e-02, -7.8146e-02, -1.7816e-01,  6.7949e-02,
         -6.3692e-01,  8.5709e-02,  4.8684e-02, -2.8701e-03],
        [ 1.1343e-01,  7.3411e-03,  7.7352e-02,  1.4375e-01, -4.2010e-02,
         -3.0254e-01, -4.8006e-02,  8.9789e-04, -9.7629e-02, -2.5711e-01,
         -1.7872e-02,  4.8652e-02,  1.9166e-01, -1.8170e-02,  1.7614e-01,
          1.4239e-02,  1.3177e-01, -2.4317e-01, -8.0000e-02, -9.1826e-02,
          2.7754e-01,  1.9957e-01, -2.5857e-02, -2.8658e-01],
        [-5.7424e-01,  2.8191e-02,  3.7731e-02,  5.5149e-01,  2.4917e-01,
         -5.3661e-01, -4.1132e-02,  1.2656e-01,  1.0058e+00, -3.3891e-02,
          1.7134e-01,  3.9343e-01,  1.8423e-01,  3.6091e-01, -1.4277e-01,
         -9.5981e-02,  8.9022e-02, -8.9412e-01, -6.1507e-01,  6.4503e-02,
         -2.5767e-01,  2.7459e-01, -1.4197e-01, -2.1550e-01],
        [-2.4617e-01,  1.8334e-01, -1.2865e-01,  1.1170e-01,  1.3899e-01,
          1.0101e-01,  7.3355e-02, -1.4046e-01, -2.5119e-02, -2.6439e-01,
         -7.0351e-02, -2.2186e-02, -2.1986e-01,  1.8634e-02, -1.9983e-02,
         -2.0949e-01, -3.5677e-02,  3.8815e-02, -1.0736e-01, -1.9880e-01,
         -4.3668e-02, -2.8357e-01,  3.4818e-02,  6.3877e-02],
        [-1.6942e+00, -4.3916e-01,  2.8504e-01, -1.4169e-01, -1.0163e-01,
         -9.0015e-02, -1.1095e-01, -2.5846e-01,  6.7068e-01, -1.9273e-01,
          2.8175e-02, -2.1100e-01,  8.0114e-02, -2.3035e-01,  5.7368e-01,
         -2.0230e-02,  3.5685e-02, -1.4724e-01, -3.0637e-01,  9.1761e-02,
         -8.6304e-03,  2.1913e-01, -1.7976e-01,  2.0084e-01],
        [ 2.2052e-01, -3.8677e-01,  1.6237e-01, -2.9261e-01,  2.5160e-02,
          6.9712e-02,  8.7199e-02, -9.2068e-02,  3.6275e-02,  4.9147e-02,
         -2.2426e-02, -1.5371e-01,  2.4598e-01,  1.7097e-01,  1.1550e-01,
          7.6456e-02,  1.9083e-01, -1.1049e-01, -1.3785e-01, -2.2462e-03,
          9.9047e-02, -1.4330e-01,  6.4156e-02,  6.8805e-02],
        [ 1.7523e-02, -2.0337e-01,  5.9110e-02,  1.8004e-02, -8.8825e-02,
          1.1985e-01, -1.6569e-01,  9.5508e-03, -2.4718e-01, -1.5417e-01,
          7.9826e-02,  4.2440e-01,  1.1114e-01,  3.1575e-01,  2.2903e-01,
          8.2792e-02, -1.6850e-01,  3.8998e-01,  2.2436e-01, -1.6675e-01,
          6.4733e-02,  7.3713e-02, -5.3887e-02, -4.3475e-02],
        [-1.2612e-01, -6.7635e-01, -1.2756e-01, -5.3080e-02,  5.2105e-02,
          7.1975e-02,  1.2539e-02,  2.4630e-01, -2.5407e-02,  3.9519e-02,
          1.5078e-02,  4.3979e-02, -5.1381e-02,  2.2724e-01, -1.7015e-01,
          2.0470e-01,  3.0435e-02, -9.7995e-02, -6.6962e-01,  4.1068e-02,
         -6.2098e-02,  3.8444e-02,  1.0041e-01,  2.5567e-02],
        [-1.1051e-01, -2.5146e-02, -1.7251e-01, -4.8883e-02, -4.2952e-02,
         -2.0923e-01,  1.1884e-01,  4.8379e-02,  2.5040e-01, -7.7765e-02,
         -6.4916e-01, -4.3879e-02, -1.5226e-01, -7.6472e-02,  8.6736e-02,
         -1.9661e-01, -1.9689e-01,  3.2729e-02, -3.3556e-02, -5.4192e-02,
          2.8081e-02,  2.2096e-01,  2.4635e-01, -8.2976e-02],
        [ 1.0333e-02,  1.0401e-01,  1.7965e-01, -4.6791e-01,  1.4648e-01,
          1.5754e-01, -3.6050e-03,  9.4405e-02, -9.4807e-02, -1.6782e-01,
         -5.6370e-02,  3.7645e-01,  1.3559e-01, -1.8638e-01, -7.2924e-02,
         -1.5008e-01,  3.0065e-02, -1.0017e-01,  8.8768e-02, -2.0555e-01,
          3.5459e-01,  2.8032e-01,  2.2825e-01,  2.2279e-01],
        [ 4.2909e-03,  1.5031e-01,  1.1590e-01,  4.9892e-02,  9.6116e-02,
         -1.9993e-02, -4.9818e-02, -7.0648e-02,  4.8900e-02,  1.3316e-01,
          1.7598e-02,  2.3912e-01,  2.4982e-01, -1.4449e-01,  2.1396e-01,
         -1.9277e-01,  4.7009e-02, -3.5786e-03,  5.6580e-02, -1.4033e-01,
          1.0812e-01,  2.3166e-01,  4.1626e-02,  1.8718e-02],
        [-1.2062e-01, -6.9020e-01, -2.8372e-03, -6.4461e-02,  6.3716e-02,
          8.7640e-02, -3.1401e-02,  6.2125e-02, -1.7472e-01,  1.8374e-01,
         -3.4350e-02, -1.2886e-02, -1.6066e-01,  3.6667e-02, -1.4738e-01,
          4.5928e-02, -1.1645e-03,  1.9433e-01, -4.5233e-02, -5.9009e-02,
          8.7763e-02,  2.1262e-01,  4.0723e-02,  6.2012e-02],
        [ 6.2344e-02,  2.3986e-01,  8.7213e-03, -4.6089e-02,  4.8561e-02,
         -1.5278e-01,  1.1948e-01,  7.0068e-03, -1.7318e-02, -7.6343e-02,
         -2.4167e-01, -1.3540e-01, -3.7378e-02, -1.4794e-01, -1.2272e-01,
         -2.2779e-01, -2.6734e-02, -8.1009e-02, -4.1096e-02, -1.0582e-01,
          6.6201e-02, -1.6575e-01, -2.5050e-01, -1.1187e-01],
        [ 2.1346e-01, -5.1615e-02,  2.2704e-01, -2.5945e-01,  2.2336e-01,
          3.0789e-02,  1.2351e-01, -6.9452e-02, -4.2167e-01,  3.9391e-02,
          1.6993e-01,  2.2924e-01,  5.4416e-02,  1.4980e-01, -4.8988e-02,
          8.4988e-02,  6.0519e-02,  2.3940e-02,  2.7159e-02,  1.4679e-01,
          1.7867e-02, -4.0795e-02,  2.6114e-01,  1.8388e-01]],
       requires_grad=True))
('conv1.lin_rel.bias', Parameter containing:
tensor([-0.1561, -0.2221,  0.0931,  0.1335, -0.1352,  0.2188, -0.2043,  0.1076,
         0.0919,  0.1932,  0.1666, -0.1328,  0.0932,  0.2054, -0.1541,  0.2818,
         0.1772,  0.2051,  0.0569, -0.1807,  0.1001,  0.1602,  0.0675,  0.1712],
       requires_grad=True))
('conv1.lin_root.weight', Parameter containing:
tensor([[ 4.4195e-01, -9.1934e-02,  2.7067e-01, -4.6587e-01,  3.7335e-02,
         -6.9581e-01, -1.4241e-02,  1.7719e-01,  7.6174e-01, -1.2245e-01,
          7.5786e-02,  1.1736e-01, -9.5824e-01,  2.6070e-02,  3.6975e-01,
         -1.7059e-02,  2.6805e-01,  5.1890e-01,  3.6823e-01, -6.3153e-01,
         -1.5392e-01,  2.5384e-02,  7.4027e-01, -1.9248e-02],
        [-2.1220e-01,  2.0286e-02, -2.5467e-01, -1.7572e-01, -4.9572e-02,
         -7.6545e-02, -1.3370e-01, -4.1515e-02, -8.9575e-02, -2.6203e-01,
         -5.8056e-02, -2.6233e-01, -1.0718e-02,  8.2993e-02,  1.3546e-01,
         -2.4682e-01, -5.8863e-02, -1.4470e-01,  1.8987e-02,  9.6056e-02,
         -1.1371e-01, -1.8995e-01,  5.4702e-02,  7.9631e-02],
        [ 7.6066e-01, -1.8619e-02,  1.3919e-01, -9.7355e-02,  8.7857e-02,
         -2.2526e-01,  1.1360e-01, -4.0428e-01, -9.1576e-01, -4.8600e-01,
          4.2411e-03,  2.5495e-01, -5.0610e-01,  2.5746e-01, -4.6623e-01,
          2.3571e-01, -8.0270e-01, -6.8458e-01,  1.0928e+00, -3.3699e-01,
         -2.9744e-01,  1.4142e-01, -3.5927e-01, -4.4734e-02],
        [ 3.1859e-01, -1.7814e-01,  1.1550e-01, -2.3875e-01,  1.1506e-01,
          2.8435e-01, -2.6122e-01, -5.0246e-01, -1.7977e-01, -3.8070e-01,
         -3.5988e-01,  3.4903e-01, -8.0727e-01,  2.1731e-01, -6.6310e-01,
          2.8004e-01, -9.0687e-01, -1.5018e-01,  1.8743e-01, -5.1757e-01,
          3.7026e-01, -3.1154e-02, -6.3465e-01,  1.5201e-01],
        [-1.4154e-01, -1.1184e-01, -1.1219e-01, -2.6901e-01, -1.3162e-01,
         -1.2848e-01, -1.4780e-01, -2.5250e-01, -1.2541e-01,  3.5778e-02,
         -1.2549e-01, -5.4637e-03,  1.2008e-02, -4.1884e-02,  2.7033e-02,
         -1.8432e-01, -1.2219e-01, -2.3173e-01, -1.9994e-01,  1.3997e-01,
          1.6876e-02,  1.0604e-01, -1.5814e-01, -1.5619e-01],
        [-4.8865e-01, -5.1781e-01, -1.3190e-02, -4.5218e-01,  6.0960e-02,
         -5.9021e-01,  2.5932e-01,  6.2125e-01,  4.2954e-01,  5.8414e-01,
         -9.8979e-01, -5.2126e-01, -4.5929e-01, -6.4960e-02, -1.1701e-01,
         -1.2001e-01,  1.8873e-01, -3.9421e-01, -1.4532e+00,  3.2397e-01,
          6.1144e-01,  1.9292e-01,  6.6001e-04, -2.4542e-01],
        [-3.6339e-02, -1.8515e-01,  7.3342e-02, -8.6022e-02,  4.9487e-02,
         -3.3364e-02,  2.7315e-02, -6.5040e-02,  1.6981e-01, -7.2100e-02,
         -4.5625e-02,  1.3538e-01,  6.8853e-02,  3.7920e-02, -1.1248e-01,
          1.6770e-02,  9.8384e-02, -1.5483e-01, -9.5986e-02, -1.6437e-01,
         -2.1845e-01, -3.2337e-02, -9.4361e-02, -1.8595e-03],
        [ 6.1494e-01,  2.8211e-01,  1.7312e-01, -1.7028e-01,  2.0140e-01,
          4.6692e-01, -7.1142e-02, -1.6628e-01,  2.0510e-01,  4.1143e-02,
         -3.1202e-01,  1.3227e-01, -4.6276e-01,  1.8453e-01,  3.2733e-01,
         -3.0407e-02,  8.9462e-02, -3.3529e-01,  4.2731e-02, -5.5270e-01,
         -3.2807e-01, -9.7075e-02,  1.4452e-01,  2.0946e-01],
        [ 2.6760e-02,  6.7356e-02, -1.5396e-01, -4.9404e-01, -1.7919e-01,
         -5.5035e-02, -2.5049e-01,  1.3048e-02,  1.0585e-02,  6.0401e-02,
         -5.8710e-01, -9.2556e-02,  1.9486e-01, -1.5979e-02,  6.0591e-01,
         -2.4604e-01, -2.3795e-01, -4.4484e-02, -1.8491e-01,  5.3069e-03,
          6.6936e-01, -3.4376e-01,  1.0359e-02, -2.3219e-01],
        [ 5.1672e-01,  2.5348e-02,  3.4400e-01, -3.6406e-01, -1.0696e-01,
         -5.0445e-01, -2.7220e-01, -5.9662e-02, -3.7269e-01, -1.8514e-01,
          1.1447e-01, -1.0680e-01, -6.2116e-01,  1.6330e-01, -1.5400e-01,
          1.7505e-01, -1.3036e-01, -2.2003e-01, -2.6736e-01, -8.7141e-01,
         -2.1992e-01,  1.3297e-01,  3.7163e-02, -5.6224e-02],
        [-1.1561e-01,  4.4676e-01, -1.9950e-01, -1.4895e-01, -2.1396e-01,
          3.7353e-02,  1.1302e-01, -2.4616e-01, -1.2071e-01, -2.1696e-01,
          1.6177e-01, -1.2006e-01,  8.4597e-02, -1.4697e-01, -2.2676e-01,
         -2.1929e-02, -9.1438e-02, -2.1062e-02, -4.3574e-02, -1.8456e-01,
         -3.1378e-01, -8.7673e-04,  1.2204e-01, -4.9239e-02],
        [-3.3610e-01, -6.5488e-02, -2.2139e-01, -9.3287e-01, -2.5045e-01,
          4.8882e-01,  2.6545e-01, -4.8461e-01, -2.0475e-01, -5.3714e-01,
         -1.5251e-01, -3.2400e-01,  5.2655e-01, -4.9532e-01, -9.6353e-01,
         -4.8537e-02, -2.6357e-01, -5.5277e-01, -1.5697e-01, -8.4324e-02,
         -2.1815e-01, -3.4279e-01, -1.1487e-01,  3.7608e-01],
        [ 5.7262e-01, -2.5991e-01,  3.5843e-01, -6.7269e-01,  1.8469e-02,
         -1.1354e+00,  1.8054e-01,  8.8192e-02, -2.1546e-01,  1.0518e-03,
          1.1624e-01,  7.0934e-01, -1.0319e-01,  2.0703e-01,  7.1890e-01,
         -3.4909e-01,  7.0898e-01,  9.7687e-01,  3.2555e-01, -1.0853e-01,
          5.6691e-01, -8.3775e-01, -5.6486e-01,  6.9241e-01],
        [ 4.3415e-02,  5.5772e-02,  3.4073e-02, -4.9849e-01, -9.4938e-02,
         -6.3321e-02, -2.5649e-02, -9.4077e-03, -2.7240e-02, -1.9614e-02,
          6.4964e-02, -9.1685e-02, -3.1677e-02,  1.0666e-02, -3.2802e-01,
          1.7022e-02,  6.6887e-02, -1.6278e-01, -3.1244e-01, -2.9218e-01,
         -1.4370e-01,  5.8551e-02,  6.1118e-02, -3.0045e-01],
        [ 4.8340e-02,  1.8944e-01, -4.2398e-01,  1.4968e-01, -1.2545e-01,
          2.5463e-01,  2.5659e-01,  5.1151e-01, -1.0484e+00,  5.3770e-02,
          1.2602e-01, -6.1033e-01,  7.8384e-02, -1.0603e-01, -4.9479e-01,
          1.0342e-01,  1.6961e-01,  3.4063e-01, -1.0749e+00, -1.0012e+00,
         -8.2525e-03, -2.2645e-01, -4.9357e-02,  4.8133e-01],
        [ 2.7588e-01, -4.9324e-01,  2.8520e-01, -5.5607e-02, -2.2462e-01,
          4.2809e-02, -9.6049e-02,  3.5765e-01,  1.5017e-01,  3.2269e-01,
         -2.5926e-01,  4.4965e-02,  7.3395e-02,  1.0979e-01, -3.1032e-02,
         -3.2766e-01,  7.8370e-02,  1.2647e-01, -5.3119e-01, -1.0887e-01,
          1.9745e-01, -2.5843e-01,  5.4939e-01, -3.0525e-01],
        [ 3.3536e-01, -6.3264e-02, -1.3636e-01, -3.9247e-02,  2.4968e-01,
          3.0827e-01,  1.5740e-02, -4.3498e-02, -1.7853e-01, -3.3562e-01,
          2.4949e-01,  9.2934e-02, -4.5325e-01,  7.7096e-02, -1.1552e-01,
          3.3419e-01, -4.6126e-01, -4.9694e-02,  2.2349e-01, -1.4051e-01,
         -1.6292e-01,  6.1518e-02, -2.8205e-01,  4.4452e-02],
        [ 3.5355e-01, -2.7783e-01,  2.6824e-01, -5.4190e-02,  1.4018e-01,
         -2.4547e-01,  1.5954e-02, -3.4633e-01, -4.4606e-01, -2.3439e-01,
          4.7113e-01,  1.4649e-01, -7.0292e-01,  1.2984e-01,  1.4324e-01,
          2.4402e-01, -6.4895e-01, -1.8230e-01,  5.2385e-01, -3.3269e-01,
         -9.5987e-02,  7.0737e-04, -5.6584e-01,  6.1999e-02],
        [-5.6157e-02,  5.2358e-01, -9.0714e-02, -2.0569e-01, -1.3567e-01,
         -1.1773e-01, -1.3510e-01,  8.9495e-02,  6.4148e-02, -1.7375e-01,
         -1.1833e-01, -1.9215e-01, -5.3669e-02, -9.4801e-02, -4.5010e-01,
         -1.9536e-01, -2.5254e-02,  7.8660e-02,  5.3758e-02,  7.9631e-02,
         -5.8496e-01, -1.9082e-01, -9.9580e-02, -1.2256e-01],
        [-5.3690e-02,  2.9406e-01,  9.0974e-02,  3.2216e-01, -8.5107e-03,
         -2.0922e-01,  1.3596e-01, -2.4519e-01, -1.9502e-01, -1.0760e-01,
         -7.7655e-02, -2.4225e-01,  3.1537e-01, -4.5688e-02, -3.6292e-01,
          5.3764e-01,  3.1165e-01,  4.0632e-01, -5.3232e-02, -2.6382e-01,
          2.5527e-01,  7.7241e-01, -2.6155e-01,  5.8579e-01],
        [ 2.7409e-01,  9.4556e-02,  7.8047e-02, -4.9180e-01,  1.8008e-01,
         -2.5203e-01,  2.0197e-01, -9.2774e-02, -1.1518e+00,  2.1251e-01,
          1.4698e-01, -3.4820e-01, -4.1546e-01,  2.2604e-01, -5.4348e-01,
          2.1379e-01,  2.8750e-01,  4.3530e-02, -8.5366e-02,  1.1744e-01,
          1.5959e-01, -4.0504e-01,  1.2563e-01,  1.2084e-01],
        [ 4.7556e-01, -5.6921e-01, -2.3488e-01, -1.0890e+00, -4.9145e-02,
         -3.8766e-02, -1.6668e-01, -3.9533e-01, -5.0118e-01, -4.0472e-02,
          1.8336e-01, -1.3329e-01,  3.3541e-02,  3.2130e-01, -6.4851e-01,
         -1.4148e-01, -6.9062e-02, -3.3681e-01, -1.1734e-01,  8.6686e-02,
         -7.2702e-02, -6.0036e-01,  7.1079e-01,  8.9335e-02],
        [-1.9047e-01, -6.9089e-01, -5.6659e-02, -6.0285e-01, -7.1237e-02,
         -2.3252e-01, -7.8765e-02, -2.6125e-01, -2.2714e-01,  1.0138e-01,
          3.4752e-01, -1.1766e-01, -4.0914e-02, -9.7284e-02,  4.3331e-02,
         -8.5482e-02, -2.7724e-02,  8.6112e-02,  4.3104e-01, -2.1920e-01,
         -7.0420e-01, -1.3860e-01,  6.7635e-02,  1.1464e-01],
        [-1.7117e-01, -3.0726e-01,  3.2694e-01, -8.5369e-01,  6.6037e-02,
         -3.1397e-01, -2.1845e-02, -9.0186e-03,  4.9514e-01, -4.4634e-02,
         -1.2688e-02, -2.7358e-01, -1.2285e-01,  1.3286e-01,  1.6581e-01,
         -5.9348e-02,  2.0941e-01, -2.3999e-01, -3.9684e-01, -1.1161e-01,
          1.8270e-02, -1.1045e-01,  1.4619e-01,  1.0473e-01]],
       requires_grad=True))
('lin.weight', Parameter containing:
tensor([[ 0.1708,  0.0237,  0.4433,  0.3816, -0.0077, -0.2663,  0.0308,  0.2388,
         -0.0717,  0.2461,  0.0072, -0.2828,  0.0945,  0.0084, -0.4774, -0.1493,
          0.2374,  0.2041,  0.2206,  0.0243,  0.2696,  0.0451, -0.1563,  0.0992]],
       requires_grad=True))